0 0.590625 0.60078125 0.2734375 0.440625
0 0.8125 0.65703125 0.371875 0.653125
0 0.415625 0.55390625 0.2390625 0.3953125
0 0.2828125 0.50390625 0.0984375 0.184375
0 0.1375 0.63828125 0.190625 0.5640625
0 0.2078125 0.428125 0.0265625 0.10625
0 0.0875 0.671875 0.16875 0.6328125
0 0.1890625 0.3171875 0.065625 0.0625
0 0.3265625 0.33515625 0.0453125 0.046875
0 0.3515625 0.36171875 0.0484375 0.06875
0 0.28515625 0.34140625 0.0359375 0.0625
0 0.24921875 0.3109375 0.0234375 0.0515625
0 0.41875 0.3046875 0.065625 0.059375
