0 0.76015625 0.6515625 0.19453125 0.203125
0 0.21796875 0.51015625 0.0890625 0.09140625
0 0.62890625 0.60859375 0.12109375 0.1765625
0 0.36328125 0.696875 0.20859375 0.23515625
0 0.40390625 0.56796875 0.12109375 0.09375
0 0.40703125 0.496875 0.12890625 0.0765625
0 0.40859375 0.43984375 0.0859375 0.05625
0 0.40859375 0.38203125 0.07890625 0.05859375
0 0.3078125 0.35703125 0.05859375 0.06171875
0 0.3203125 0.2734375 0.04453125 0.053125
0 0.3953125 0.23125 0.0375 0.05625
0 0.46328125 0.21171875 0.0375 0.046875
0 0.4546875 0.1484375 0.03359375 0.03828125
1 0.4015625 0.15 0.04609375 0.09375
