0 0.21015625 0.72578125 0.2640625 0.290625
0 0.03671875 0.628125 0.0734375 0.0984375
0 0.36953125 0.62734375 0.128125 0.115625
0 0.73359375 0.61796875 0.0515625 0.0625
0 0.6703125 0.628125 0.0828125 0.1
0 0.2734375 0.496875 0.0390625 0.046875
0 0.521875 0.64140625 0.09375 0.0828125
0 0.5921875 0.615625 0.0640625 0.0671875
0 0.765625 0.5125 0.0390625 0.0375
0 0.7046875 0.48515625 0.040625 0.0375
0 0.65234375 0.47109375 0.034375 0.028125
0 0.6609375 0.45078125 0.03125 0.0265625
0 0.7984375 0.44609375 0.034375 0.0296875
0 0.46796875 0.44921875 0.0375 0.040625
0 0.32109375 0.46640625 0.0375 0.03125
0 0.3359375 0.48984375 0.0375 0.0375
0 0.33359375 0.5328125 0.0421875 0.040625
