0 0.89921875 0.25390625 0.065625 0.075
0 0.58203125 0.77734375 0.1546875 0.1109375
0 0.290625 0.3375 0.0515625 0.084375
0 0.7375 0.2734375 0.0515625 0.0625
0 0.2 0.34609375 0.0609375 0.0796875
0 0.9515625 0.396875 0.059375 0.0625
0 0.084375 0.40390625 0.065625 0.1
0 0.3796875 0.35390625 0.065625 0.09375
0 0.7734375 0.60546875 0.0875 0.1
0 0.8296875 0.5203125 0.075 0.0859375
0 0.6703125 0.31953125 0.05625 0.053125
0 0.6296875 0.275 0.05 0.0625
0 0.6796875 0.24375 0.0515625 0.046875
0 0.721875 0.228125 0.0359375 0.0359375
0 0.465625 0.2421875 0.0390625 0.040625
0 0.2078125 0.60546875 0.0921875 0.1109375
0 0.4515625 0.46015625 0.0765625 0.1171875
0 0.1234375 0.30625 0.046875 0.0546875
0 0.22890625 0.2765625 0.0484375 0.0421875
0 0.08046875 0.27578125 0.046875 0.0390625
0 0.02578125 0.49296875 0.0484375 0.1078125
0 0.2328125 0.503125 0.0671875 0.065625
