0 0.06015625 0.45234375 0.1203125 0.20625
0 0.2015625 0.4203125 0.1328125 0.1375
0 0.253125 0.56015625 0.290625 0.3890625
0 0.36171875 0.36328125 0.0390625 0.08125
0 0.4515625 0.4046875 0.096875 0.1953125
0 0.9390625 0.5296875 0.1203125 0.303125
0 0.7953125 0.4421875 0.09375 0.1765625
0 0.7296875 0.41953125 0.0703125 0.1171875
0 0.67109375 0.38046875 0.059375 0.0828125
0 0.6078125 0.3890625 0.059375 0.1046875
0 0.3109375 0.36875 0.0640625 0.0390625
0 0.50625 0.375 0.015625 0.065625
0 0.52578125 0.36640625 0.0265625 0.059375
0 0.5703125 0.371875 0.03125 0.059375
