0 0.6375 0.734375 0.059375 0.075
0 0.859375 0.821875 0.0765625 0.0828125
0 0.334375 0.85859375 0.0921875 0.11875
0 0.54609375 0.88984375 0.103125 0.125
0 0.1484375 0.86953125 0.109375 0.1546875
0 0.6 0.82265625 0.065625 0.0859375
0 0.51015625 0.825 0.090625 0.121875
0 0.59140625 0.61171875 0.0421875 0.05625
0 0.209375 0.80859375 0.0640625 0.075
0 0.2203125 0.7640625 0.0421875 0.05625
0 0.2953125 0.6640625 0.0390625 0.0515625
0 0.34765625 0.784375 0.06875 0.0625
0 0.32734375 0.74609375 0.0578125 0.046875
0 0.32421875 0.696875 0.0484375 0.0390625
0 0.41328125 0.7171875 0.0546875 0.05
0 0.44375 0.75234375 0.0578125 0.05625
0 0.55078125 0.73359375 0.0796875 0.0671875
0 0.5015625 0.7125 0.0359375 0.040625
0 0.4984375 0.6703125 0.0546875 0.0484375
0 0.42265625 0.671875 0.0546875 0.0421875
0 0.396875 0.6578125 0.0359375 0.0359375
0 0.3328125 0.65546875 0.0421875 0.0421875
0 0.25859375 0.6328125 0.040625 0.0515625
0 0.3375 0.56640625 0.03125 0.0375
0 0.54375 0.5640625 0.03125 0.0328125
0 0.9234375 0.60546875 0.0390625 0.0421875
0 0.796875 0.54609375 0.03125 0.0265625
0 0.7375 0.55625 0.0359375 0.034375
0 0.47734375 0.62578125 0.05 0.0359375
0 0.3265625 0.60546875 0.0453125 0.034375
0 0.37890625 0.5859375 0.0359375 0.0375
