0 0.8078125 0.87109375 0.06640625 0.065625
0 0.61796875 0.940625 0.0703125 0.084375
0 0.890625 0.95390625 0.1046875 0.0875
0 0.50625 0.9109375 0.0546875 0.05859375
0 0.315625 0.9171875 0.06015625 0.0828125
0 0.22734375 0.8125 0.040625 0.05625
0 0.275 0.98046875 0.08125 0.0375
0 0.93671875 0.82734375 0.065625 0.05234375
0 0.215625 0.95 0.08046875 0.09375
0 0.40625 0.85859375 0.05078125 0.07109375
0 0.6453125 0.7875 0.03984375 0.0453125
0 0.1296875 0.9265625 0.0953125 0.12734375
0 0.29765625 0.82578125 0.0421875 0.05
0 0.28125 0.7890625 0.02734375 0.04921875
0 0.3578125 0.8140625 0.03828125 0.05234375
0 0.42265625 0.784375 0.03125 0.0375
0 0.4 0.76015625 0.02421875 0.03125
0 0.3140625 0.771875 0.02421875 0.03515625
0 0.33359375 0.7265625 0.015625 0.02421875
0 0.359375 0.76640625 0.0328125 0.01953125
0 0.16953125 0.86796875 0.0453125 0.04921875
0 0.50078125 0.85234375 0.0375 0.046875
0 0.4953125 0.8140625 0.02734375 0.02109375
0 0.4921875 0.7890625 0.03515625 0.03984375
0 0.5375 0.75703125 0.03046875 0.03828125
0 0.58984375 0.778125 0.0265625 0.0359375
0 0.740625 0.7765625 0.03046875 0.03125
0 0.4078125 0.72734375 0.02421875 0.03984375
