0 0.634375 0.88203125 0.12109375 0.14609375
0 0.1421875 0.87890625 0.12890625 0.14609375
0 0.7484375 0.76640625 0.08984375 0.1125
0 0.67265625 0.66875 0.0640625 0.0703125
0 0.378125 0.85234375 0.0953125 0.171875
0 0.3328125 0.64375 0.05625 0.06484375
0 0.103125 0.76484375 0.09375 0.10390625
0 0.59453125 0.7171875 0.0796875 0.10390625
0 0.403125 0.70703125 0.071875 0.084375
0 0.871875 0.83515625 0.115625 0.17734375
0 0.3140625 0.76328125 0.0859375 0.08984375
0 0.7421875 0.65078125 0.05859375 0.05625
0 0.25625 0.63203125 0.0546875 0.06484375
0 0.1875 0.671875 0.0703125 0.10390625
0 0.828125 0.70703125 0.0859375 0.12421875
0 0.96875 0.6390625 0.05078125 0.05625
0 0.62421875 0.5734375 0.0296875 0.03671875
0 0.5859375 0.5890625 0.03515625 0.03359375
0 0.55 0.6296875 0.053125 0.04765625
0 0.5640625 0.66796875 0.0546875 0.06796875
0 0.43359375 0.6390625 0.046875 0.05078125
0 0.3640625 0.62421875 0.025 0.059375
0 0.378125 0.6015625 0.021875 0.059375
0 0.3953125 0.5875 0.021875 0.04765625
0 0.05390625 0.596875 0.0328125 0.05078125
0 0.01953125 0.603125 0.03515625 0.0453125
0 0.04609375 0.5859375 0.0484375 0.05625
0 0.51953125 0.56796875 0.03515625 0.04765625
