0 0.509375 0.53984375 0.13046875 0.17734375
0 0.846875 0.5421875 0.121875 0.11953125
1 0.7453125 0.446875 0.12578125 0.31484375
0 0.07265625 0.53671875 0.05 0.06484375
0 0.096875 0.5203125 0.03359375 0.07421875
0 0.215625 0.53359375 0.13203125 0.090625
0 0.2640625 0.51875 0.06328125 0.0765625
0 0.375 0.52421875 0.11328125 0.20390625
0 0.4453125 0.53671875 0.03671875 0.10859375
0 0.584375 0.55 0.046875 0.13515625
0 0.59921875 0.521875 0.0546875 0.13046875
0 0.6296875 0.5125 0.028125 0.14921875
1 0.61875 0.49453125 0.08046875 0.175
