0 0.409375 0.74140625 0.29765625 0.36953125
0 0.70625 0.5703125 0.09453125 0.12734375
0 0.59375 0.6359375 0.15703125 0.228125
0 0.925 0.63125 0.11875 0.1515625
0 0.09375 0.7921875 0.1875 0.41015625
0 0.6953125 0.43046875 0.05078125 0.0609375
0 0.89453125 0.5671875 0.084375 0.10703125
0 0.48125 0.54453125 0.08515625 0.075
0 0.2625 0.64140625 0.15234375 0.20546875
0 0.8171875 0.409375 0.046875 0.05234375
0 0.90625 0.3984375 0.0359375 0.05078125
0 0.10625 0.5328125 0.0875 0.06875
0 0.13984375 0.4578125 0.071875 0.09296875
0 0.2875 0.44296875 0.05390625 0.0671875
0 0.284375 0.4984375 0.06875 0.040625
0 0.4828125 0.409375 0.040625 0.0546875
0 0.53359375 0.38828125 0.0390625 0.0328125
0 0.54375 0.3578125 0.0328125 0.0359375
0 0.5859375 0.3703125 0.03828125 0.04296875
1 0.9140625 0.325 0.05390625 0.12265625
1 0.35390625 0.38046875 0.065625 0.1796875
1 0.4375 0.33046875 0.05859375 0.115625
1 0.5015625 0.30859375 0.0609375 0.08828125
1 0.5796875 0.30546875 0.04765625 0.0890625
0 0.0609375 0.65234375 0.11328125 0.234375
