0 0.665625 0.796875 0.25234375 0.35703125
0 0.265625 0.7921875 0.29921875 0.34296875
0 0.909375 0.6640625 0.1796875 0.2640625
0 0.7953125 0.628125 0.11328125 0.184375
0 0.0765625 0.803125 0.15234375 0.39140625
0 0.465625 0.675 0.08046875 0.15546875
0 0.6140625 0.63203125 0.12265625 0.146875
0 0.4015625 0.715625 0.14375 0.228125
0 0.4796875 0.6546875 0.08203125 0.14296875
0 0.50703125 0.6296875 0.0828125 0.1234375
0 0.740625 0.6 0.04375 0.09453125
0 0.04765625 0.62890625 0.0765625 0.075
0 0.975 0.71796875 0.04140625 0.31640625
