0 0.4546875 0.746875 0.11484375 0.13203125
0 0.72890625 0.74921875 0.1234375 0.1125
0 0.23359375 0.74375 0.13671875 0.153125
0 0.28671875 0.58125 0.10078125 0.1125
0 0.684375 0.7046875 0.10234375 0.08125
0 0.87578125 0.371875 0.0703125 0.09609375
0 0.4875 0.64296875 0.09765625 0.1078125
0 0.78046875 0.3078125 0.04765625 0.05859375
1 0.4765625 0.42578125 0.12109375 0.2671875
1 0.31484375 0.3984375 0.11953125 0.24609375
1 0.3546875 0.29765625 0.08125 0.2140625
1 0.37578125 0.26015625 0.0734375 0.2203125
1 0.46953125 0.253125 0.0609375 0.12265625
1 0.53671875 0.2328125 0.0484375 0.13046875
1 0.48046875 0.17890625 0.03828125 0.103125
1 0.98203125 0.3234375 0.0328125 0.190625
1 0.94375 0.29296875 0.03828125 0.20546875
1 0.90390625 0.3078125 0.04765625 0.115625
1 0.8171875 0.26875 0.05703125 0.1203125
1 0.76015625 0.25703125 0.0421875 0.103125
0 0.13046875 0.9 0.23359375 0.190625
0 0.3078125 0.16171875 0.02890625 0.05390625
0 0.61328125 0.478125 0.07890625 0.071875
0 0.63984375 0.53515625 0.08515625 0.09921875
0 0.72734375 0.3015625 0.0375 0.04765625
0 0.84296875 0.3046875 0.040625 0.04765625
0 0.5578125 0.3015625 0.05 0.0453125
0 0.6765625 0.2828125 0.03125 0.040625
