0 0.51328125 0.89375 0.09375 0.1203125
0 0.30078125 0.65625 0.0484375 0.0671875
0 0.925 0.69453125 0.078125 0.0671875
0 0.203125 0.66875 0.05234375 0.06328125
0 0.159375 0.596875 0.03984375 0.0546875
0 0.35625 0.8828125 0.084375 0.11796875
0 0.7234375 0.60234375 0.0359375 0.04609375
0 0.13359375 0.55703125 0.0296875 0.04609375
0 0.11171875 0.52421875 0.0265625 0.03828125
0 0.0890625 0.478125 0.02109375 0.02890625
1 0.203125 0.5359375 0.046875 0.0859375
1 0.14765625 0.48046875 0.034375 0.05703125
0 0.79375 0.55 0.05234375 0.05859375
0 0.6828125 0.571875 0.028125 0.0515625
