0 0.57734375 0.70703125 0.1453125 0.18359375
0 0.3859375 0.83046875 0.159375 0.18828125
0 0.40078125 0.50625 0.1109375 0.14453125
0 0.20546875 0.5234375 0.1015625 0.10625
0 0.0515625 0.60625 0.1 0.1265625
0 0.75546875 0.684375 0.14375 0.18125
0 0.87734375 0.26640625 0.06796875 0.07734375
0 0.525 0.45703125 0.0953125 0.1140625
0 0.6046875 0.209375 0.0578125 0.07265625
0 0.290625 0.32265625 0.07734375 0.0875
0 0.7453125 0.2484375 0.06484375 0.07734375
0 0.22578125 0.9171875 0.2 0.16015625
0 0.703125 0.2015625 0.0515625 0.0671875
0 0.15234375 0.42265625 0.0890625 0.0953125
0 0.90703125 0.21796875 0.053125 0.06953125
0 0.0140625 0.203125 0.02734375 0.06953125
0 0.56796875 0.14375 0.0484375 0.059375
0 0.1203125 0.24140625 0.07578125 0.15234375
0 0.19140625 0.1046875 0.03359375 0.05390625
0 0.22578125 0.08515625 0.03203125 0.0359375
0 0.271875 0.1046875 0.040625 0.028125
0 0.3046875 0.08125 0.03515625 0.0390625
0 0.3859375 0.2921875 0.07578125 0.10859375
0 0.59140625 0.06328125 0.03046875 0.04375
1 0.8640625 0.12890625 0.08203125 0.1140625
1 0.7703125 0.1359375 0.1046875 0.1734375
1 0.69609375 0.128125 0.05625 0.10625
1 0.72421875 0.06328125 0.0609375 0.11640625
1 0.63828125 0.07265625 0.04375 0.09296875
1 0.25 0.1953125 0.08671875 0.13671875
1 0.146875 0.14453125 0.06484375 0.13984375
1 0.26484375 0.0453125 0.07421875 0.08515625
0 0.36875 0.03359375 0.046875 0.0671875
0 0.35859375 0.09296875 0.053125 0.07734375
0 0.3484375 0.15859375 0.06796875 0.1109375
