0 0.06484375 0.68671875 0.12890625 0.07734375
0 0.23515625 0.74375 0.2515625 0.0859375
0 0.65078125 0.94375 0.1546875 0.10546875
0 0.1015625 0.95625 0.19609375 0.084375
0 0.45078125 0.9390625 0.15625 0.11875
0 0.1640625 0.6375 0.0671875 0.059375
0 0.3296875 0.95859375 0.18984375 0.07890625
0 0.26171875 0.6375 0.0703125 0.06328125
0 0.42265625 0.8265625 0.10703125 0.10859375
0 0.69765625 0.928125 0.12734375 0.115625
0 0.8328125 0.8109375 0.10546875 0.1015625
0 0.79453125 0.8609375 0.10234375 0.10703125
0 0.478125 0.928125 0.14453125 0.12578125
0 0.43671875 0.659375 0.07890625 0.08203125
0 0.59140625 0.84765625 0.12578125 0.1015625
0 0.675 0.55390625 0.05546875 0.05078125
0 0.90390625 0.9515625 0.14296875 0.09296875
0 0.36328125 0.63515625 0.07578125 0.06796875
0 0.753125 0.89140625 0.10703125 0.115625
0 0.20859375 0.615625 0.0453125 0.0609375
0 0.3265625 0.54921875 0.0421875 0.03671875
0 0.37890625 0.53828125 0.04375 0.03359375
0 0.4015625 0.584375 0.05859375 0.040625
0 0.434375 0.50859375 0.03359375 0.03359375
0 0.48515625 0.5421875 0.04375 0.03359375
0 0.4953125 0.57734375 0.05 0.04375
0 0.49140625 0.62578125 0.046875 0.04375
0 0.56328125 0.6640625 0.1328125 0.0734375
0 0.55234375 0.73046875 0.090625 0.06640625
0 0.51953125 0.7703125 0.0859375 0.07734375
0 0.68828125 0.78203125 0.09375 0.08203125
0 0.64765625 0.809375 0.10078125 0.07734375
0 0.8375 0.66796875 0.1375 0.06484375
0 0.83828125 0.6203125 0.071875 0.0421875
0 0.77578125 0.57109375 0.0453125 0.0421875
0 0.74296875 0.5515625 0.0265625 0.0453125
0 0.5734375 0.534375 0.03671875 0.03828125
0 0.6375 0.54375 0.03671875 0.04375
0 0.17734375 0.52109375 0.03515625 0.040625
0 0.565625 0.5984375 0.0671875 0.0578125
