0 0.50625 0.85859375 0.11640625 0.1234375
0 0.2234375 0.8484375 0.1 0.0984375
0 0.28515625 0.83515625 0.0765625 0.08515625
0 0.090625 0.840625 0.14453125 0.16640625
0 0.6890625 0.82109375 0.05234375 0.07734375
0 0.6265625 0.83203125 0.09765625 0.115625
0 0.4265625 0.8390625 0.0796875 0.08828125
0 0.7703125 0.80390625 0.05234375 0.053125
0 0.33125 0.82421875 0.07421875 0.09765625
0 0.17890625 0.80390625 0.059375 0.06953125
0 0.5828125 0.8296875 0.02578125 0.1046875
0 0.71875 0.80234375 0.03515625 0.07421875
0 0.5578125 0.80625 0.03125 0.06171875
0 0.38046875 0.8234375 0.040625 0.08671875
