0 0.24375 0.75703125 0.23828125 0.34453125
0 0.0640625 0.65078125 0.10546875 0.1234375
0 0.38828125 0.646875 0.1125 0.14140625
0 0.303125 0.48671875 0.03671875 0.05390625
0 0.53046875 0.6546875 0.0890625 0.0875
0 0.6640625 0.646875 0.07734375 0.1234375
0 0.72109375 0.6359375 0.0453125 0.071875
0 0.48125 0.4328125 0.03046875 0.04609375
0 0.69375 0.4734375 0.0359375 0.04453125
0 0.590625 0.634375 0.05390625 0.090625
0 0.3484375 0.446875 0.03125 0.0359375
0 0.36171875 0.47890625 0.0390625 0.04453125
0 0.359375 0.5390625 0.04140625 0.0609375
0 0.634375 0.6109375 0.02109375 0.04453125
0 0.7484375 0.509375 0.03515625 0.04609375
0 0.78125 0.4265625 0.02890625 0.04140625
0 0.646875 0.45625 0.03359375 0.040625
0 0.6546875 0.4328125 0.02890625 0.034375
1 0.196875 0.5359375 0.0625 0.0890625
