0 0.5609375 0.9390625 0.06796875 0.0859375
0 0.1890625 0.81171875 0.05078125 0.071875
0 0.9703125 0.93125 0.05390625 0.05859375
0 0.9234375 0.87734375 0.06015625 0.07578125
0 0.3921875 0.68359375 0.0421875 0.04921875
0 0.0234375 0.8125 0.04375 0.08046875
0 0.0421875 0.7546875 0.0390625 0.05859375
0 0.090625 0.709375 0.04609375 0.05234375
0 0.1390625 0.740625 0.03359375 0.0546875
0 0.1703125 0.6921875 0.0359375 0.0484375
0 0.10625 0.64921875 0.03515625 0.04296875
0 0.13046875 0.5984375 0.03125 0.03515625
0 0.1875 0.60234375 0.0328125 0.04296875
0 0.16875 0.546875 0.02578125 0.03125
