0 0.6546875 0.49921875 0.065625 0.0828125
0 0.3015625 0.4890625 0.0640625 0.0671875
0 0.3703125 0.61796875 0.078125 0.0875
0 0.2375 0.63359375 0.078125 0.0859375
0 0.7234375 0.484375 0.059375 0.075
0 0.50625 0.45703125 0.059375 0.078125
0 0.6734375 0.915625 0.13125 0.1421875
0 0.390625 0.83359375 0.11875 0.1625
0 0.16796875 0.38515625 0.05 0.046875
0 0.7265625 0.64921875 0.0890625 0.10625
0 0.88515625 0.5859375 0.078125 0.090625
0 0.5828125 0.4546875 0.0546875 0.0625
0 0.45234375 0.40703125 0.0515625 0.059375
0 0.54140625 0.40859375 0.0484375 0.0546875
0 0.2359375 0.41328125 0.0484375 0.0578125
0 0.19375 0.5078125 0.06875 0.075
0 0.05859375 0.496875 0.0671875 0.0359375
0 0.06328125 0.575 0.0953125 0.125
0 0.0640625 0.440625 0.0625 0.0546875
0 0.24296875 0.35234375 0.04375 0.0484375
0 0.4203125 0.371875 0.040625 0.0609375
0 0.3984375 0.33828125 0.034375 0.0484375
0 0.3953125 0.284375 0.0359375 0.0546875
0 0.49375 0.36640625 0.040625 0.046875
0 0.475 0.3375 0.03125 0.040625
0 0.5125 0.3046875 0.028125 0.0390625
