0 0.3328125 0.86953125 0.0984375 0.1078125
0 0.9453125 0.671875 0.0546875 0.0703125
0 0.9 0.62421875 0.0453125 0.06171875
0 0.94609375 0.63984375 0.05625 0.06171875
0 0.4140625 0.665625 0.05625 0.065625
0 0.3375 0.7125 0.0640625 0.0765625
0 0.86875 0.60390625 0.02578125 0.06015625
0 0.83828125 0.5671875 0.0296875 0.03984375
0 0.9171875 0.57578125 0.01953125 0.0375
0 0.878125 0.55546875 0.0265625 0.03125
0 0.8890625 0.57265625 0.01640625 0.021875
0 0.95078125 0.565625 0.025 0.0328125
0 0.95078125 0.6125 0.04375 0.0484375
0 0.7984375 0.4953125 0.03046875 0.02421875
0 0.8015625 0.50859375 0.01796875 0.02890625
0 0.8203125 0.55625 0.01796875 0.0375
0 0.5765625 0.49609375 0.02109375 0.02890625
0 0.98125 0.6390625 0.0234375 0.06328125
