0 0.446875 0.615625 0.0796875 0.0984375
0 0.528125 0.834375 0.1203125 0.1234375
0 0.65625 0.6609375 0.1140625 0.1609375
0 0.57265625 0.6015625 0.075 0.084375
0 0.284375 0.56484375 0.075 0.075
0 0.4875 0.478125 0.084375 0.1109375
0 0.4453125 0.41796875 0.0515625 0.071875
0 0.34921875 0.43515625 0.046875 0.059375
0 0.26796875 0.47265625 0.05 0.0609375
0 0.23515625 0.43359375 0.0390625 0.05
0 0.0421875 0.465625 0.0625 0.065625
0 0.95859375 0.52265625 0.071875 0.084375
0 0.78828125 0.51171875 0.0671875 0.0703125
0 0.8046875 0.4140625 0.0515625 0.0484375
0 0.746875 0.36640625 0.0453125 0.0421875
0 0.6921875 0.4375 0.0546875 0.0609375
0 0.5609375 0.3890625 0.04375 0.0453125
0 0.2875 0.390625 0.040625 0.0390625
0 0.34375 0.37890625 0.04375 0.0296875
