0 0.90703125 0.759375 0.05 0.06171875
0 0.778125 0.73359375 0.046875 0.0578125
0 0.5546875 0.8140625 0.0390625 0.06640625
0 0.534375 0.77265625 0.03515625 0.04375
0 0.378125 0.76015625 0.04765625 0.04609375
0 0.4484375 0.76875 0.03828125 0.0359375
0 0.9640625 0.65703125 0.0390625 0.03984375
0 0.909375 0.6859375 0.03984375 0.03046875
0 0.9 0.6515625 0.034375 0.0328125
0 0.83125 0.640625 0.02578125 0.0359375
0 0.725 0.64140625 0.0328125 0.04375
0 0.6859375 0.65 0.0328125 0.04375
0 0.7171875 0.68046875 0.03671875 0.04375
0 0.665625 0.58984375 0.02578125 0.04140625
