0 0.57578125 0.49921875 0.1828125 0.3234375
0 0.3765625 0.40390625 0.140625 0.2515625
0 0.8515625 0.74296875 0.2859375 0.4765625
0 0.315625 0.75625 0.3984375 0.4671875
0 0.0609375 0.625 0.1125 0.365625
0 0.26875 0.1953125 0.0421875 0.05625
0 0.3390625 0.20234375 0.0359375 0.0578125
0 0.678125 0.3703125 0.10625 0.2234375
0 0.55625 0.2796875 0.059375 0.103125
0 0.4890625 0.32265625 0.08125 0.1265625
0 0.9375 0.43359375 0.1203125 0.2015625
0 0.7953125 0.253125 0.0515625 0.1203125
0 0.7546875 0.24296875 0.034375 0.0796875
0 0.6234375 0.2234375 0.04375 0.0796875
0 0.578125 0.21484375 0.0375 0.0796875
0 0.47890625 0.20546875 0.040625 0.0484375
