0 0.49921875 0.3421875 0.12265625 0.16171875
0 0.85703125 0.2515625 0.09453125 0.12890625
0 0.840625 0.61015625 0.315625 0.434375
0 0.428125 0.26796875 0.0703125 0.09609375
0 0.3015625 0.23359375 0.05 0.065625
0 0.13203125 0.33125 0.12265625 0.2171875
0 0.55859375 0.18515625 0.028125 0.03046875
0 0.5859375 0.18671875 0.025 0.03828125
0 0.625 0.18515625 0.028125 0.04140625
0 0.69609375 0.21875 0.09296875 0.16796875
0 0.34375 0.190625 0.028125 0.04140625
0 0.20546875 0.61640625 0.3015625 0.43125
1 0.678125 0.14296875 0.05625 0.1046875
