0 0.165625 0.7703125 0.0859375 0.096875
0 0.13671875 0.61015625 0.065625 0.0859375
0 0.07734375 0.58046875 0.059375 0.08125
0 0.428125 0.89140625 0.1046875 0.1484375
0 0.0390625 0.91953125 0.078125 0.153125
0 0.8640625 0.91328125 0.096875 0.14375
0 0.23828125 0.49765625 0.0484375 0.0640625
0 0.34375 0.5984375 0.0625 0.06875
0 0.3265625 0.7796875 0.0828125 0.096875
0 0.215625 0.9046875 0.121875 0.1859375
0 0.40390625 0.65234375 0.0703125 0.090625
0 0.1640625 0.49140625 0.0484375 0.0640625
0 0.35625 0.42421875 0.0421875 0.075
0 0.903125 0.8625 0.06875 0.084375
0 0.809375 0.73671875 0.0265625 0.08125
0 0.734375 0.66875 0.071875 0.0953125
0 0.75078125 0.6078125 0.040625 0.06875
0 0.6265625 0.84375 0.090625 0.1328125
0 0.6453125 0.75 0.08125 0.1421875
0 0.696875 0.56640625 0.0546875 0.05
0 0.665625 0.68984375 0.065625 0.1125
0 0.70859375 0.528125 0.0375 0.040625
0 0.6984375 0.49375 0.0421875 0.0265625
0 0.7265625 0.484375 0.0359375 0.046875
0 0.7125 0.45078125 0.0328125 0.015625
0 0.659375 0.428125 0.0359375 0.046875
0 0.646875 0.4640625 0.025 0.0453125
0 0.6671875 0.39453125 0.028125 0.0234375
0 0.6265625 0.3796875 0.0328125 0.0390625
0 0.6078125 0.346875 0.0203125 0.0296875
0 0.5234375 0.4375 0.0328125 0.0359375
0 0.475 0.47890625 0.0515625 0.0359375
0 0.4 0.54609375 0.05625 0.0625
0 0.2578125 0.67578125 0.0921875 0.128125
0 0.05546875 0.5296875 0.06875 0.059375
0 0.13203125 0.45859375 0.0453125 0.0546875
0 0.21484375 0.4640625 0.040625 0.0484375
0 0.2484375 0.4390625 0.046875 0.0578125
0 0.2609375 0.37421875 0.025 0.0359375
0 0.3625 0.353125 0.0359375 0.0453125
0 0.30546875 0.46484375 0.040625 0.0671875
0 0.4375 0.41796875 0.0453125 0.065625
0 0.4765625 0.3609375 0.021875 0.03125
0 0.52734375 0.353125 0.025 0.0359375
0 0.4453125 0.36796875 0.0265625 0.0359375
0 0.51640625 0.328125 0.0234375 0.0296875
0 0.5109375 0.2859375 0.015625 0.0234375
0 0.54609375 0.2796875 0.01875 0.0265625
0 0.53125 0.2140625 0.01875 0.0265625
0 0.56875 0.25546875 0.0234375 0.0265625
