0 0.8 0.8546875 0.13046875 0.1375
0 0.60546875 0.87890625 0.11171875 0.13359375
0 0.60625 0.71875 0.08828125 0.10390625
0 0.72265625 0.775 0.09921875 0.11796875
0 0.50703125 0.96484375 0.14140625 0.0640625
0 0.465625 0.63046875 0.0703125 0.075
0 0.965625 0.625 0.0671875 0.13359375
0 0.85390625 0.66015625 0.0875 0.0953125
0 0.97734375 0.709375 0.04375 0.11796875
0 0.80390625 0.62734375 0.0703125 0.084375
0 0.4078125 0.69765625 0.053125 0.08125
0 0.9140625 0.609375 0.06015625 0.0953125
0 0.725 0.5953125 0.0640625 0.0875
0 0.22265625 0.68046875 0.0703125 0.0875
0 0.38671875 0.54296875 0.05703125 0.05234375
0 0.4203125 0.57421875 0.05390625 0.0703125
0 0.45390625 0.5859375 0.059375 0.04609375
0 0.3546875 0.47421875 0.0375 0.03046875
0 0.35546875 0.509375 0.0390625 0.04296875
0 0.64765625 0.50625 0.0703125 0.0875
0 0.6546875 0.55625 0.0703125 0.0671875
0 0.6046875 0.5265625 0.02265625 0.0703125
0 0.58359375 0.5171875 0.01953125 0.065625
0 0.56484375 0.5125 0.021875 0.0625
0 0.5359375 0.47890625 0.02421875 0.04921875
0 0.54921875 0.48203125 0.01328125 0.05078125
0 0.7546875 0.61171875 0.03828125 0.078125
0 0.86328125 0.55859375 0.07578125 0.11171875
0 0.81015625 0.55546875 0.02890625 0.065625
0 0.77890625 0.54140625 0.04453125 0.075
0 0.73828125 0.5296875 0.0328125 0.0671875
0 0.7109375 0.525 0.0375 0.05703125
0 0.68828125 0.509375 0.02578125 0.05546875
1 0.3296875 0.75625 0.1828125 0.3796875
1 0.1640625 0.534375 0.09765625 0.2328125
1 0.28828125 0.5 0.0953125 0.18046875
1 0.60078125 0.41328125 0.0421875 0.10546875
1 0.6421875 0.39921875 0.01484375 0.09375
1 0.66875 0.4078125 0.04140625 0.12890625
1 0.72109375 0.40625 0.06640625 0.1515625
1 0.7703125 0.43828125 0.0359375 0.13046875
1 0.8234375 0.45 0.0796875 0.10546875
1 0.91875 0.48125 0.11640625 0.1578125
0 0.5296875 0.43828125 0.03203125 0.05390625
0 0.38359375 0.42890625 0.028125 0.03828125
0 0.4140625 0.43125 0.028125 0.03359375
