0 0.053125 0.79140625 0.10625 0.1140625
0 0.35859375 0.76328125 0.07109375 0.0953125
0 0.590625 0.7515625 0.0421875 0.04375
0 0.95078125 0.8234375 0.096875 0.284375
0 0.90078125 0.79453125 0.0453125 0.07734375
0 0.6859375 0.79375 0.11328125 0.1484375
0 0.30703125 0.728125 0.0390625 0.046875
0 0.32890625 0.74375 0.0171875 0.03828125
0 0.4609375 0.67890625 0.0234375 0.03046875
0 0.484375 0.6609375 0.0203125 0.02421875
0 0.503125 0.64609375 0.02421875 0.02578125
0 0.525 0.665625 0.021875 0.03359375
0 0.5453125 0.64765625 0.02109375 0.028125
0 0.57890625 0.65234375 0.0234375 0.03046875
0 0.5375 0.621875 0.021875 0.02578125
0 0.58828125 0.61328125 0.01484375 0.021875
0 0.56953125 0.6109375 0.01171875 0.01484375
0 0.55703125 0.61484375 0.0109375 0.01484375
0 0.61171875 0.61875 0.0125 0.015625
0 0.6015625 0.61171875 0.0125 0.01484375
0 0.6515625 0.6296875 0.0140625 0.01640625
0 0.61484375 0.71484375 0.0328125 0.0296875
0 0.71640625 0.6765625 0.02109375 0.02265625
0 0.734375 0.69453125 0.025 0.01796875
0 0.71328125 0.7078125 0.02421875 0.02421875
0 0.74453125 0.7265625 0.0328125 0.04765625
0 0.67578125 0.64140625 0.01796875 0.02265625
0 0.72421875 0.66171875 0.02578125 0.0359375
1 0.08515625 0.7359375 0.14140625 0.17890625
1 0.67578125 0.6875 0.04921875 0.06171875
1 0.71484375 0.6296875 0.0265625 0.06328125
