0 0.5671875 0.93671875 0.09140625 0.11875
0 0.715625 0.93359375 0.09375 0.128125
0 0.11171875 0.8171875 0.0796875 0.1
0 0.209375 0.80859375 0.07890625 0.10625
0 0.66953125 0.896875 0.0890625 0.128125
1 0.55 0.57578125 0.05 0.09921875
1 0.5375 0.86640625 0.09765625 0.14609375
0 0.57109375 0.82109375 0.0703125 0.07578125
0 0.70625 0.81640625 0.08203125 0.07578125
0 0.603125 0.58984375 0.03984375 0.04453125
0 0.23671875 0.6328125 0.0421875 0.06484375
0 0.246875 0.75 0.06640625 0.128125
0 0.290625 0.75234375 0.02265625 0.11015625
0 0.14375 0.77265625 0.03828125 0.071875
0 0.0890625 0.70703125 0.04921875 0.07890625
0 0.01875 0.8140625 0.03515625 0.11640625
0 0.11875 0.671875 0.04296875 0.07890625
0 0.65859375 0.81875 0.03125 0.05859375
