0 0.018359375 0.75625 0.03671875 0.32916666666666666
0 0.0328125 0.6541666666666667 0.065625 0.14722222222222223
0 0.959375 0.6027777777777777 0.08046875 0.07222222222222222
0 0.0546875 0.6347222222222222 0.015625 0.044444444444444446
0 0.075 0.6368055555555555 0.01875 0.034722222222222224
0 0.088671875 0.6333333333333333 0.02578125 0.034722222222222224
0 0.106640625 0.6277777777777778 0.0171875 0.027777777777777776
0 0.165625 0.6305555555555555 0.02421875 0.025
0 0.191796875 0.6215277777777778 0.0078125 0.02638888888888889
0 0.201171875 0.6194444444444445 0.0109375 0.013888888888888888
0 0.2171875 0.625 0.02265625 0.022222222222222223
0 0.23984375 0.6208333333333333 0.01171875 0.019444444444444445
0 0.268359375 0.6152777777777778 0.0171875 0.03611111111111111
0 0.13203125 0.6513888888888889 0.06328125 0.06666666666666667
0 0.252734375 0.6277777777777778 0.021875 0.03333333333333333
0 0.29921875 0.6319444444444444 0.04765625 0.07222222222222222
0 0.855859375 0.6138888888888889 0.1375 0.08333333333333333
