0 0.4875 0.83984375 0.109375 0.1203125
0 0.7046875 0.7953125 0.1125 0.1453125
0 0.17890625 0.5375 0.0703125 0.075
0 0.2140625 0.6125 0.078125 0.096875
0 0.51484375 0.74453125 0.1 0.1484375
0 0.11015625 0.759375 0.121875 0.1796875
0 0.88125 0.72890625 0.0984375 0.1203125
0 0.80078125 0.53125 0.0609375 0.0765625
0 0.515625 0.38359375 0.04375 0.046875
0 0.83125 0.40546875 0.0546875 0.0765625
0 0.06875 0.6359375 0.078125 0.0890625
0 0.678125 0.30859375 0.034375 0.0484375
0 0.60390625 0.31484375 0.0296875 0.0328125
0 0.53125 0.59453125 0.0890625 0.1109375
0 0.8953125 0.32734375 0.04375 0.0421875
0 0.815625 0.31875 0.0359375 0.0375
0 0.85 0.3515625 0.04375 0.0609375
