0 0.084375 0.7078125 0.1359375 0.175
0 0.0890625 0.459375 0.09375 0.1109375
0 0.296875 0.51015625 0.09375 0.10625
0 0.796875 0.759375 0.1453125 0.184375
0 0.78125 0.20390625 0.0609375 0.0765625
0 0.159375 0.2625 0.0609375 0.071875
0 0.30625 0.6265625 0.103125 0.1578125
0 0.8296875 0.06875 0.0546875 0.065625
0 0.29609375 0.22734375 0.0609375 0.0703125
0 0.41875 0.1140625 0.0453125 0.046875
0 0.64140625 0.35078125 0.096875 0.15625
0 0.69375 0.29453125 0.0625 0.090625
0 0.5171875 0.0703125 0.0421875 0.0421875
0 0.39765625 0.040625 0.0453125 0.0390625
0 0.6125 0.053125 0.0234375 0.040625
