0 0.42890625 0.61015625 0.109375 0.14375
0 0.35625 0.915625 0.1703125 0.1640625
0 0.1390625 0.44453125 0.0765625 0.0984375
0 0.4203125 0.49296875 0.084375 0.125
0 0.2734375 0.4484375 0.09375 0.1375
0 0.42734375 0.41796875 0.06875 0.0953125
0 0.1625 0.63828125 0.1125 0.1609375
0 0.01796875 0.5953125 0.0328125 0.1421875
0 0.2625 0.32578125 0.0546875 0.0515625
0 0.3375 0.4328125 0.0515625 0.0859375
0 0.35625 0.32265625 0.046875 0.0515625
0 0.39375 0.27578125 0.040625 0.0390625
0 0.35 0.26796875 0.0328125 0.0359375
0 0.446875 0.33046875 0.05 0.0234375
0 0.4640625 0.36328125 0.0546875 0.046875
0 0.475 0.3125 0.0390625 0.05
