0 0.5359375 0.490625 0.0703125 0.1
0 0.6625 0.57734375 0.078125 0.1171875
0 0.646875 0.434375 0.0640625 0.084375
0 0.4984375 0.659375 0.096875 0.15625
0 0.64296875 0.290625 0.0421875 0.0625
0 0.0515625 0.73515625 0.0859375 0.121875
0 0.14609375 0.509375 0.0890625 0.121875
0 0.0203125 0.603125 0.040625 0.10625
0 0.2984375 0.30234375 0.046875 0.0609375
0 0.33046875 0.271875 0.0359375 0.0390625
0 0.359375 0.23203125 0.0359375 0.040625
0 0.378125 0.1984375 0.0421875 0.05625
0 0.590625 0.225 0.0390625 0.0484375
0 0.5796875 0.184375 0.034375 0.0390625
0 0.46875 0.1796875 0.03125 0.040625
