0 0.66015625 0.92265625 0.1046875 0.1078125
0 0.41796875 0.675 0.0625 0.0703125
0 0.703125 0.70390625 0.0703125 0.0890625
0 0.64609375 0.575 0.0546875 0.0734375
0 0.3078125 0.69140625 0.065625 0.075
0 0.70234375 0.56640625 0.046875 0.065625
0 0.525 0.5390625 0.0484375 0.06875
0 0.43203125 0.8625 0.0921875 0.1328125
0 0.359375 0.56640625 0.053125 0.0578125
0 0.83203125 0.64921875 0.0609375 0.078125
0 0.5875 0.53828125 0.04375 0.0578125
0 0.25078125 0.4828125 0.040625 0.0515625
0 0.16875 0.6453125 0.0828125 0.1203125
0 0.271875 0.58515625 0.0609375 0.0578125
0 0.16328125 0.5625 0.05 0.03125
0 0.3140625 0.45390625 0.0390625 0.0484375
0 0.309375 0.50078125 0.04375 0.046875
0 0.55390625 0.4921875 0.0375 0.046875
0 0.48203125 0.49921875 0.0390625 0.05
0 0.45546875 0.46875 0.0328125 0.0484375
0 0.51328125 0.465625 0.0390625 0.046875
0 0.4359375 0.39609375 0.034375 0.0546875
