0 0.8953125 0.7203125 0.090625 0.1125
0 0.68671875 0.590625 0.0703125 0.090625
0 0.68359375 0.45390625 0.0578125 0.0765625
0 0.24296875 0.8296875 0.0890625 0.103125
0 0.4015625 0.575 0.0640625 0.0703125
0 0.8 0.540625 0.0734375 0.1078125
0 0.7453125 0.70703125 0.0953125 0.165625
0 0.75390625 0.33203125 0.04375 0.071875
0 0.265625 0.56484375 0.0625 0.084375
0 0.68203125 0.32734375 0.04375 0.0640625
0 0.096875 0.63984375 0.0875 0.14375
0 0.3328125 0.35078125 0.04375 0.053125
0 0.36875 0.325 0.034375 0.046875
0 0.484375 0.33671875 0.0484375 0.0515625
0 0.4046875 0.20234375 0.03125 0.028125
0 0.34609375 0.17265625 0.028125 0.0296875
0 0.31328125 0.18203125 0.03125 0.03125
0 0.446875 0.153125 0.025 0.0328125
0 0.4875 0.15234375 0.03125 0.0421875
0 0.42578125 0.13515625 0.0234375 0.0328125
0 0.33515625 0.1203125 0.025 0.0265625
0 0.525 0.1421875 0.0265625 0.0375
0 0.56796875 0.15390625 0.028125 0.040625
0 0.61953125 0.2 0.0296875 0.046875
0 0.58984375 0.18984375 0.01875 0.0328125
0 0.665625 0.19453125 0.0265625 0.0390625
0 0.77734375 0.25 0.0359375 0.05625
0 0.70390625 0.25078125 0.0390625 0.0421875
0 0.71015625 0.21328125 0.034375 0.0390625
0 0.67890625 0.17421875 0.03125 0.0375
