0 0.2 0.48203125 0.0609375 0.078125
0 0.38046875 0.43203125 0.0515625 0.0828125
0 0.140625 0.3171875 0.04375 0.0609375
0 0.8640625 0.56796875 0.0890625 0.090625
0 0.44453125 0.34765625 0.0421875 0.075
0 0.2390625 0.3796875 0.0390625 0.0546875
0 0.725 0.36796875 0.059375 0.0671875
0 0.83515625 0.36953125 0.053125 0.0625
0 0.73359375 0.29296875 0.0359375 0.0453125
0 0.6421875 0.25859375 0.028125 0.034375
0 0.63671875 0.29921875 0.0421875 0.046875
0 0.703125 0.2265625 0.021875 0.0296875
0 0.59375 0.1734375 0.015625 0.0171875
0 0.6078125 0.18671875 0.0234375 0.025
0 0.58359375 0.2109375 0.021875 0.0234375
0 0.521875 0.1875 0.021875 0.028125
0 0.5078125 0.16875 0.0171875 0.021875
0 0.39921875 0.1765625 0.01875 0.025
0 0.325 0.159375 0.0203125 0.021875
0 0.36875 0.22109375 0.0234375 0.034375
0 0.2859375 0.19765625 0.028125 0.0359375
0 0.24765625 0.240625 0.0265625 0.034375
0 0.2765625 0.27421875 0.03125 0.046875
0 0.21875 0.16171875 0.021875 0.0265625
