0 0.4640625 0.8734375 0.203125 0.246875
0 0.9046875 0.28359375 0.0828125 0.09375
0 0.6296875 0.2578125 0.0703125 0.08125
0 0.6609375 0.46796875 0.1015625 0.103125
0 0.5 0.515625 0.09375 0.1125
0 0.375 0.7015625 0.14375 0.13125
0 0.7078125 0.621875 0.109375 0.1140625
0 0.446875 0.39921875 0.0890625 0.065625
0 0.36875 0.35625 0.0796875 0.075
0 0.71875 0.553125 0.103125 0.090625
0 0.65625 0.23125 0.0671875 0.0796875
0 0.80703125 0.25859375 0.084375 0.096875
0 0.284375 0.4890625 0.0984375 0.1234375
0 0.1484375 0.25859375 0.075 0.075
0 0.06484375 0.15390625 0.059375 0.065625
0 0.02890625 0.2625 0.0578125 0.09375
0 0.315625 0.178125 0.0625 0.065625
0 0.4921875 0.22890625 0.05 0.0796875
0 0.5234375 0.190625 0.05 0.0546875
