0 0.14765625 0.60390625 0.0765625 0.0578125
0 0.30390625 0.61171875 0.03125 0.0359375
0 0.22421875 0.6015625 0.0375 0.0453125
0 0.3921875 0.6078125 0.0171875 0.0234375
0 0.4109375 0.603125 0.0125 0.0203125
0 0.55859375 0.61875 0.0265625 0.04375
0 0.51953125 0.6078125 0.021875 0.03125
0 0.015625 0.60546875 0.03125 0.0515625
0 0.04453125 0.584375 0.034375 0.03125
0 0.07890625 0.58828125 0.0296875 0.0390625
0 0.8421875 0.58125 0.0546875 0.04375
0 0.91796875 0.5671875 0.046875 0.05
0 0.88515625 0.571875 0.0375 0.040625
