0 0.053125 0.79140625 0.10625 0.115625
0 0.35703125 0.7625 0.0734375 0.096875
0 0.95 0.82578125 0.0921875 0.275
0 0.9015625 0.796875 0.04375 0.08125
0 0.303125 0.72734375 0.0453125 0.0546875
0 0.5375 0.61953125 0.0203125 0.0265625
0 0.54375 0.65 0.0203125 0.028125
0 0.578125 0.65390625 0.025 0.028125
0 0.52421875 0.66328125 0.0234375 0.034375
0 0.50078125 0.64609375 0.021875 0.025
0 0.4828125 0.6578125 0.021875 0.0203125
0 0.4609375 0.67578125 0.0296875 0.028125
0 0.6140625 0.709375 0.034375 0.028125
0 0.590625 0.75 0.05 0.0421875
0 0.68671875 0.79453125 0.1109375 0.153125
0 0.74375 0.72421875 0.034375 0.04375
0 0.715625 0.67421875 0.0234375 0.021875
0 0.715625 0.71015625 0.028125 0.034375
