0 0.89375 0.7421875 0.0890625 0.1
0 0.675 0.58984375 0.0546875 0.059375
0 0.496875 0.70859375 0.071875 0.078125
0 0.81640625 0.91015625 0.121875 0.153125
0 0.915625 0.6890625 0.071875 0.0828125
0 0.5875 0.503125 0.04375 0.059375
0 0.40234375 0.728125 0.078125 0.0875
0 0.7640625 0.5859375 0.0546875 0.0640625
0 0.9453125 0.64296875 0.0578125 0.065625
0 0.94375 0.590625 0.0546875 0.046875
0 0.44453125 0.50625 0.0328125 0.0390625
0 0.33359375 0.5953125 0.046875 0.0640625
0 0.3796875 0.48046875 0.0359375 0.0328125
0 0.5453125 0.44765625 0.025 0.0359375
0 0.58984375 0.44296875 0.025 0.03125
0 0.67421875 0.51171875 0.0484375 0.0703125
