0 0.1984375 0.6453125 0.146875 0.1515625
0 0.28046875 0.5296875 0.1234375 0.121875
0 0.73828125 0.803125 0.1609375 0.1796875
0 0.39765625 0.7171875 0.1640625 0.2421875
0 0.94296875 0.61171875 0.109375 0.1578125
0 0.3453125 0.4640625 0.103125 0.115625
0 0.7375 0.60625 0.1296875 0.1296875
0 0.4703125 0.640625 0.109375 0.1546875
0 0.05703125 0.3984375 0.0890625 0.084375
0 0.70546875 0.7125 0.1421875 0.1765625
0 0.284375 0.28828125 0.046875 0.0453125
0 0.06875 0.33203125 0.0671875 0.0578125
0 0.4 0.4171875 0.0859375 0.0828125
0 0.896875 0.49765625 0.096875 0.1109375
0 0.48671875 0.5484375 0.11875 0.146875
0 0.59140625 0.3671875 0.0734375 0.0890625
0 0.5078125 0.4671875 0.0984375 0.090625
0 0.234375 0.30625 0.05 0.0609375
0 0.2453125 0.253125 0.0390625 0.0234375
0 0.425 0.23046875 0.034375 0.03125
0 0.459375 0.2171875 0.0265625 0.025
0 0.490625 0.22734375 0.028125 0.021875
0 0.471875 0.3390625 0.0265625 0.06875
0 0.4203125 0.33046875 0.0671875 0.0265625
0 0.453125 0.38203125 0.034375 0.084375
0 0.95390625 0.525 0.075 0.071875
0 0.9375 0.45703125 0.053125 0.0546875
0 0.8578125 0.421875 0.059375 0.0578125
0 0.8890625 0.39453125 0.0625 0.0515625
0 0.86484375 0.340625 0.071875 0.053125
0 0.82265625 0.3171875 0.0265625 0.0609375
0 0.80078125 0.3140625 0.015625 0.0453125
0 0.71953125 0.359375 0.078125 0.0390625
0 0.7203125 0.39296875 0.075 0.03125
0 0.540625 0.28828125 0.025 0.0515625
0 0.5703125 0.25859375 0.021875 0.040625
0 0.5828125 0.25625 0.015625 0.0359375
0 0.6234375 0.3109375 0.0265625 0.0421875
0 0.5734375 0.3046875 0.0546875 0.0296875
0 0.53984375 0.38828125 0.0765625 0.0359375
0 0.553125 0.4546875 0.065625 0.0890625
0 0.5859375 0.41484375 0.0203125 0.0953125
0 0.2875 0.2578125 0.0359375 0.021875
0 0.6484375 0.27109375 0.01875 0.053125
0 0.615625 0.25859375 0.040625 0.03125
0 0.6140625 0.28515625 0.04375 0.0140625
0 0.81875 0.23125 0.025 0.0296875
0 0.78125 0.26640625 0.0203125 0.034375
0 0.7140625 0.2109375 0.0390625 0.034375
0 0.54140625 0.240625 0.0453125 0.040625
0 0.73671875 0.5015625 0.1359375 0.15
