0 0.54375 0.94296875 0.0984375 0.109375
0 0.18046875 0.92734375 0.0953125 0.140625
0 0.6234375 0.790625 0.0515625 0.075
0 0.58984375 0.88203125 0.0609375 0.0890625
0 0.8265625 0.88359375 0.06875 0.0859375
0 0.34921875 0.92734375 0.08125 0.121875
0 0.234375 0.87109375 0.0546875 0.078125
0 0.50625 0.8765625 0.0796875 0.109375
0 0.5453125 0.7859375 0.065625 0.0671875
0 0.58203125 0.65703125 0.0421875 0.053125
0 0.8859375 0.65390625 0.0375 0.04375
0 0.7140625 0.596875 0.034375 0.053125
0 0.5390625 0.60703125 0.028125 0.034375
0 0.4765625 0.671875 0.0421875 0.034375
0 0.4984375 0.71328125 0.04375 0.046875
0 0.46875 0.696875 0.0125 0.04375
0 0.4984375 0.765625 0.028125 0.053125
0 0.4484375 0.80546875 0.0484375 0.0640625
0 0.4171875 0.76875 0.04375 0.059375
0 0.43125 0.71875 0.0390625 0.046875
0 0.40078125 0.70390625 0.021875 0.0390625
0 0.3578125 0.8390625 0.0546875 0.0671875
0 0.340625 0.7921875 0.046875 0.028125
0 0.2453125 0.82109375 0.0390625 0.0453125
0 0.7671875 0.58671875 0.028125 0.0375
0 0.98515625 0.703125 0.0203125 0.05
0 0.9578125 0.66328125 0.03125 0.0234375
0 0.95625 0.70078125 0.0328125 0.040625
0 0.340625 0.7515625 0.0421875 0.05
0 0.3125 0.71484375 0.0390625 0.046875
0 0.34765625 0.70234375 0.034375 0.046875
0 0.2828125 0.67734375 0.0375 0.0484375
0 0.340625 0.65546875 0.0359375 0.04375
0 0.3890625 0.62734375 0.0328125 0.0375
0 0.39375 0.590625 0.028125 0.028125
0 0.353125 0.61171875 0.03125 0.040625
0 0.4359375 0.5875 0.028125 0.03125
